# NOAA Paleoclimatology Program - Paleocean Site Data
# tr16319l-tab.txt
# Complete Data
# File Created: 18-Jan-2005
#
#*********************************************************************************
# Please cite the contributor and the original publications when using these data
#*********************************************************************************
#
# Missing Values indicated by '-999'
#
# PI:             David W. Lea
# Core/Site:      TR163-19
# Latitude:       2.15.18N	( 2.255)
# Longitude:      90.57.04W	( -90.95111)
# Water Depth(m): 2348
#
# Publications:
#   Lea, D.W., P.A. Martin, D.K. Pak, and H.J. Spero. 2002. Reconstructing a 350
#     ky history of sea level using planktonic Mg/Ca and oxygen isotopic records from
#     a Cocos Ridge core. Quaternary Science Reviews 21(1-3):283-293.
#------------------
#
# Description & Notes:
#   350 KYr Sea Level Reconstruction and Foraminifer Isotope Data.
#   Data precision: O18, ±0.06 per mil,  O18w(est.), ±0.18 per mil; SL(est.), +21,
#   -27 m.  Sea Level Age is based on adjustment of original SPECMAP time scale (Imbrie
#   et al. 1984) by the observed offsets between d18Ocalcite and d18Owater at the
#   terminations, which are: 2.5 ky at Term. I, 5 ky at Term. II, 3 ky at Term. III,
#   and 3.5 ky at Term.
#
# Variables:
#             depth         Depth (cm)
#             yrBP          radiocarbon years B.P. (Libby half-life; B.P. = 1950)
#             d18Ouvige     delta O18 PDB (Uvigerina sp.)
#             d18Owater     delta O18 PDB (water)
#             sealev        sea level in meters below sea level
#
# CORE: TR163-19
depth	yrBP 	d18Ouvige	d18Owater	sealev	
1	1000	3.19	-999	-999	
-999	1800	-999	-0.06	6	
4	1900	2.99	-999	-999	
9	3200	3.03	-0.02	2	
14	4600	3.16	0.01	-1	
-999	6000	-999	-0.01	1	
24	7200	3.29	-999	-999	
-999	7400	-999	0.13	-13	
-999	8800	-999	0.31	-31	
34	9500	3.79	-999	-999	
-999	10200	-999	0.35	-35	
-999	11600	-999	0.5	-50	
44	11900	4	-999	-999	
-999	13000	-999	0.83	-83	
54	14300	4.35	-999	-999	
-999	14500	-999	0.91	-91	
59	15500	4.5	-999	-999	
-999	15900	-999	0.89	-89	
64	16600	4.66	-999	-999	
-999	17300	-999	1.11	-111	
-999	18700	-999	1.18	-118	
74	19000	4.75	-999	-999	
79	20100	4.77	1.09	-109	
84	21300	4.62	-999	-999	
-999	21500	-999	1.1	-110	
89	22400	4.56	-999	-999	
-999	22700	-999	1.01	-101	
94	23500	4.62	-999	-999	
-999	23800	-999	0.87	-87	
99	24600	4.51	-999	-999	
-999	25000	-999	0.83	-83	
104	25800	4.6	-999	-999	
-999	26100	-999	0.81	-81	
109	26900	4.57	-999	-999	
-999	27300	-999	0.73	-73	
114	28000	4.45	-999	-999	
-999	28400	-999	0.66	-66	
119	29100	4.4	-999	-999	
-999	29600	-999	0.63	-63	
124	30200	4.39	-999	-999	
-999	30700	-999	0.52	-52	
129	31300	4.43	-999	-999	
-999	31800	-999	0.5	-50	
-999	32900	-999	0.69	-69	
139	33400	4.32	-999	-999	
-999	34000	-999	0.97	-97	
-999	35100	-999	1.01	-101	
149	35600	4.27	-999	-999	
-999	36200	-999	0.8	-80	
-999	37400	-999	0.71	-71	
159	37800	4.36	-999	-999	
-999	38500	-999	0.67	-67	
-999	39600	-999	0.65	-65	
169	40000	4.23	-999	-999	
-999	40700	-999	0.67	-67	
-999	41800	-999	0.73	-73	
179	42100	4.16	-999	-999	
-999	42900	-999	0.86	-86	
-999	44000	-999	0.83	-83	
189	44300	4.33	-999	-999	
-999	45100	-999	0.65	-65	
-999	46200	-999	0.6	-60	
199	46500	4.21	-999	-999	
-999	47300	-999	0.69	-69	
-999	48400	-999	0.76	-76	
209	48700	4.12	-999	-999	
-999	49500	-999	0.78	-78	
-999	50700	-999	0.75	-75	
220	51000	4.08	-999	-999	
-999	51800	-999	0.79	-79	
-999	52900	-999	0.81	-81	
229	53000	4.16	-999	-999	
-999	54200	-999	0.69	-69	
-999	55100	-999	0.54	-54	
-999	56200	-999	0.55	-55	
239	59000	4.1	-999	-999	
-999	59300	-999	0.66	-66	
249	61500	4.27	-999	-999	
-999	62400	-999	0.74	-74	
-999	63700	-999	0.83	-83	
259	64000	4.31	-999	-999	
-999	65000	-999	0.8	-80	
-999	66200	-999	0.76	-76	
269	66800	4.29	-999	-999	
-999	67500	-999	0.81	-81	
-999	68900	-999	0.69	-69	
279	69600	4.13	-999	-999	
-999	70300	-999	0.47	-47	
-999	71800	-999	0.47	-47	
-999	73200	-999	0.51	-51	
289	73300	3.73	-999	-999	
-999	74600	-999	0.38	-38	
-999	76900	-999	0.19	-19	
299	77800	3.55	-999	-999	
-999	79200	-999	0.11	-11	
-999	81500	-999	0.14	-14	
309	81700	3.53	-999	-999	
-999	83800	-999	0.22	-22	
319	85000	3.96	-999	-999	
-999	85500	-999	0.34	-34	
-999	87200	-999	0.45	-45	
329	88000	3.63	-999	-999	
-999	88900	-999	0.42	-42	
-999	90400	-999	0.3	-30	
339	91000	3.84	-999	-999	
-999	92000	-999	0.29	-29	
-999	93500	-999	0.41	-41	
-999	95000	-999	0.42	-42	
349	97000	3.71	-999	-999	
-999	98100	-999	0.31	-31	
-999	101100	-999	0.22	-22	
359	103300	3.75	-999	-999	
-999	104200	-999	0.18	-18	
-999	107600	-999	0.2	-20	
369	110000	3.63	-999	-999	
-999	111000	-999	0.3	-30	
379	114000	3.22	-999	-999	
-999	114400	-999	0.31	-31	
-999	116500	-999	0.06	-6	
389	118000	2.97	-999	-999	
-999	118500	-999	0	0	
-999	120600	-999	0.09	-9	
399	122000	3.11	-999	-999	
-999	122600	-999	0.05	-5	
-999	124700	-999	0.01	-1	
-999	126700	-999	0.22	-22	
409	129100	3.72	-999	-999	
419	131400	3.74	-999	-999	
-999	132800	-999	0.63	-63	
429	133700	4.5	-999	-999	
-999	134000	-999	0.97	-97	
-999	135100	-999	1.2	-120	
439	136000	4.56	-999	-999	
-999	136300	-999	1.19	-119	
-999	137300	-999	1	-100	
-999	138700	-999	1.03	-103	
449	138900	4.47	-999	-999	
-999	139800	-999	1.24	-124	
-999	141000	-999	1.22	-122	
459	141700	4.29	-999	-999	
-999	142400	-999	0.89	-89	
-999	143800	-999	0.72	-72	
469	144600	4.37	-999	-999	
-999	145200	-999	0.81	-81	
-999	146600	-999	0.89	-89	
479	148000	4.41	0.91	-91	
-999	149400	-999	0.77	-77	
-999	150800	-999	0.63	-63	
489	152000	4.3	-999	-999	
-999	152800	-999	0.68	-68	
-999	154700	-999	0.8	-80	
-999	156700	-999	0.84	-84	
499	157100	4.27	-999	-999	
-999	159200	-999	0.87	-87	
-999	161700	-999	0.94	-94	
509	162100	4.28	-999	-999	
-999	164200	-999	0.87	-87	
-999	166700	-999	0.73	-73	
519	167200	4.12	-999	-999	
-999	168700	-999	0.57	-57	
-999	171700	-999	0.42	-42	
529	172000	3.97	-999	-999	
-999	174200	-999	0.32	-32	
539	176000	3.97	-999	-999	
-999	176400	-999	0.29	-29	
-999	178300	-999	0.3	-30	
549	180000	4.14	-999	-999	
-999	180300	-999	0.37	-37	
-999	182300	-999	0.49	-49	
559	183500	3.83	-999	-999	
-999	184200	-999	0.57	-57	
-999	186200	-999	0.56	-56	
569	186500	3.65	-999	-999	
-999	187700	-999	0.49	-49	
-999	189200	-999	0.42	-42	
-999	190600	-999	0.28	-28	
579	192000	3.44	-999	-999	
-999	192100	-999	0.1	-10	
-999	196000	-999	-0.03	3	
589	197800	3.09	-999	-999	
-999	199900	-999	-0.07	7	
599	201400	3.33	-999	-999	
-999	201700	-999	0.04	-4	
-999	203500	-999	0.27	-27	
609	205000	3.39	-999	-999	
-999	205200	-999	0.36	-36	
-999	207000	-999	0.35	-35	
-999	208800	-999	0.42	-42	
619	212300	3.63	-999	-999	
-999	212400	-999	0.36	-36	
-999	216000	-999	0.18	-18	
629	217500	3.54	-999	-999	
-999	219600	-999	0.13	-13	
639	220500	3.76	-999	-999	
-999	221100	-999	0.27	-27	
-999	222600	-999	0.45	-45	
649	223500	4.17	-999	-999	
-999	224000	-999	0.5	-50	
-999	225500	-999	0.46	-46	
659	226500	3.99	-999	-999	
-999	227000	-999	0.54	-54	
-999	228500	-999	0.56	-56	
-999	229900	-999	0.49	-49	
669	230500	4.09	-999	-999	
-999	231400	-999	0.61	-61	
-999	233900	-999	0.72	-72	
679	235500	3.93	-999	-999	
-999	236300	-999	0.54	-54	
-999	238800	-999	0.1	-10	
689	240000	3.54	-999	-999	
-999	241200	-999	-0.11	11	
-999	243200	-999	0.13	-13	
699	244000	3.54	-999	-999	
-999	245100	-999	0.6	-60	
709	246000	4.21	-999	-999	
-999	247100	-999	0.98	-98	
719	247300	4.27	-999	-999	
-999	248400	-999	1.07	-107	
729	248700	4.3	-999	-999	
-999	249100	-999	1.11	-111	
-999	249700	-999	1.06	-106	
739	250000	4.45	-999	-999	
-999	250400	-999	0.92	-92	
-999	251000	-999	0.89	-89	
-999	251700	-999	0.89	-89	
-999	252300	-999	0.88	-88	
749	252800	4.45	-999	-999	
-999	253000	-999	0.79	-79	
-999	254100	-999	0.62	-62	
-999	254400	-999	0.67	-67	
759	255600	4.32	-999	-999	
-999	255800	-999	0.76	-76	
-999	257200	-999	0.66	-66	
-999	258600	-999	0.56	-56	
769	259400	4.27	-999	-999	
-999	260000	-999	0.56	-56	
-999	262400	-999	0.73	-73	
779	264200	4.42	-999	-999	
-999	264800	-999	0.87	-87	
-999	267300	-999	0.82	-82	
789	269000	4.3	-999	-999	
-999	269700	-999	0.79	-79	
-999	272100	-999	0.81	-81	
-999	275700	-999	0.75	-75	
799	276200	4.11	-999	-999	
-999	279300	-999	0.68	-68	
-999	283000	-999	0.61	-61	
809	283400	3.57	-999	-999	
-999	286600	-999	0.47	-47	
819	288300	3.74	-999	-999	
-999	290200	-999	0.45	-45	
829	291000	3.65	-999	-999	
-999	291500	-999	0.6	-60	
-999	292900	-999	0.73	-73	
839	293700	3.84	-999	-999	
-999	294200	-999	0.72	-72	
-999	295600	-999	0.53	-53	
849	296300	3.97	-999	-999	
-999	296900	-999	0.36	-36	
-999	298300	-999	0.42	-42	
859	299000	4.16	-999	-999	
-999	299600	-999	0.53	-53	
-999	301000	-999	0.57	-57	
-999	302300	-999	0.68	-68	
869	304500	3.95	-999	-999	
-999	305100	-999	0.7	-70	
-999	307800	-999	0.62	-62	
879	310000	3.75	-999	-999	
-999	310600	-999	0.43	-43	
889	313000	3.55	-999	-999	
-999	313300	-999	0.17	-17	
-999	314800	-999	0.18	-18	
899	316000	3.4	-999	-999	
-999	316300	-999	0.3	-30	
-999	317800	-999	0.35	-35	
909	319000	3.48	-999	-999	
-999	319300	-999	0.29	-29	
-999	320800	-999	0.2	-20	
919	322000	3.43	-999	-999	
-999	322300	-999	0.23	-23	
-999	323900	-999	0.28	-28	
929	325000	3.05	-999	-999	
-999	325400	-999	0.24	-24	
-999	326900	-999	0.21	-21	
939	328000	2.9	-999	-999	
-999	328400	-999	0.27	-27	
-999	329900	-999	0.22	-22	
949	331000	3.09	-999	-999	
-999	331400	-999	0.15	-15	
-999	332900	-999	0.2	-20	
-999	334400	-999	0.2	-20	
959	338000	3.56	0.36	-36	
969	339300	3.56	-999	-999	
979	340500	4.04	-999	-999	
-999	341500	-999	0.81	-81	
989	341800	4.19	-999	-999	
-999	342100	-999	1.15	-115	
-999	342800	-999	1.17	-117	
999	343000	4.59	-999	-999	
-999	343400	-999	1.11	-111	
-999	344000	-999	1.06	-106	
-999	344600	-999	0.97	-97	
-999	345300	-999	1.05	-105	
-999	345900	-999	1.2	-120	
-999	346500	-999	1.15	-115	
1009	349000	4.61	-999	-999	
-999	349500	-999	0.99	-99	
-999	352500	-999	0.92	-92	
1019	355000	4.35	-999	-999	
-999	355500	-999	0.92	-92	
-999	358500	-999	0.8	-80	
1029	361000	4.41	-999	-999	
-999	361500	-999	0.62	-62	
